SetDesc: "NNPDF 2.1 LO global fit, alphas(MZ)=0.119. mem=0 => average on replicas; mem=1-100 => PDF replicas"
SetIndex: 200200
Authors: NNPDF Collaboration. R. Ball, V. Bertone, F. Cerutti,  L. Del Debbio, A. Guffanti, S. Forte, J.I. Latorre, J. Rojo and M. Ubiali
Reference: arXiv:1107.2652
Format: lhagrid1
DataVersion: 5
NumMembers: 101
Particle: 2212
Flavors: [-5, -4, -3, -2, -1, 1, 2, 3, 4, 5, 21]
OrderQCD: 0
FlavorScheme: variable
NumFlavors: 5
ErrorType: replicas
XMin: 1e-07
XMax: 1
QMin: 1.41421
QMax: 10000
MZ: 91.1876
MUp: 0
MDown: 0
MStrange: 0
MCharm: 1.41421
MBottom: 4.75
MTop: 175
AlphaS_MZ: 0.119002
AlphaS_OrderQCD: 0
AlphaS_Type: ipol
AlphaS_Qs: [1.414214e+00, 1.694634e+00, 2.030658e+00, 2.433312e+00, 2.915806e+00, 3.493973e+00, 4.186784e+00, 5.016969e+00, 6.011770e+00, 7.203827e+00, 8.632253e+00, 1.034392e+01, 1.239499e+01, 1.485275e+01, 1.779786e+01, 2.132695e+01, 2.555581e+01, 3.062320e+01, 3.669539e+01, 4.397162e+01, 5.269063e+01, 6.313850e+01, 7.565806e+01, 9.066008e+01, 9.118760e+01, 1.086368e+02, 1.301781e+02, 1.559908e+02, 1.869217e+02, 2.239859e+02, 2.683995e+02, 3.216196e+02, 3.853927e+02, 4.618111e+02, 5.533824e+02, 6.631110e+02, 7.945974e+02, 9.521559e+02, 1.140956e+03, 1.367193e+03, 1.638290e+03, 1.963142e+03, 2.352408e+03, 2.818860e+03, 3.377804e+03, 4.047580e+03, 4.850163e+03, 5.811888e+03, 6.964311e+03, 8.345245e+03, 1.000000e+04]
AlphaS_Vals: [3.133893e-01, 2.914741e-01, 2.724236e-01, 2.557106e-01, 2.409297e-01, 2.277642e-01, 2.159630e-01, 2.055694e-01, 1.966467e-01, 1.884664e-01, 1.809395e-01, 1.739907e-01, 1.675560e-01, 1.615801e-01, 1.560159e-01, 1.508221e-01, 1.459630e-01, 1.414072e-01, 1.371272e-01, 1.330987e-01, 1.293001e-01, 1.257123e-01, 1.223183e-01, 1.191027e-01, 1.190023e-01, 1.160518e-01, 1.131534e-01, 1.103961e-01, 1.078514e-01, 1.055571e-01, 1.033583e-01, 1.012493e-01, 9.922466e-02, 9.727939e-02, 9.540892e-02, 9.360903e-02, 9.187578e-02, 9.020556e-02, 8.859498e-02, 8.704090e-02, 8.554040e-02, 8.409076e-02, 8.268944e-02, 8.133405e-02, 8.002238e-02, 7.875235e-02, 7.752200e-02, 7.632950e-02, 7.517313e-02, 7.405128e-02, 7.296242e-02]
AlphaS_Lambda4: 0.1275
AlphaS_Lambda5: 0.0931
